chr	start	end	peak	H3K27ac_K562_ctrl	H3K27ac_K562_all	H3K27ac_K562_sep	H3K9me3_K562_ctrl	H3K9me3_K562_all	H3K27ac_OCIAML3_ctrl	H3K27ac_OCIAML3_all	H3K27ac_OCIAML3_sep	H3K9me3_OCIAML3_ctrl	H3K9me3_OCIAML3_all	H3K9me3_OCIAML3_sep
chr1	1411792	1412792	dCas9_LTR2B_peak_1	-1.2584088	-1.0770955	-1.2355735	0.16429359	0.8112004	-2.1959727	-2.7730157	-1.2134986	-1.0712565	-0.3946566	-0.5274348
chr1	1418016	1419016	dCas9_LTR2B_peak_2	-0.21888043	-1.2885996	-1.2355735	0.16429359	0.5679292	-0.906466	-1.1100508	-1.5183531	-2.135387	-0.83522916	-0.8269951
chr1	15801939	15802939	dCas9_LTR2B_peak_3	-0.07078179	-0.9515646	-0.6225967	-0.42066893	0.8839567	-2.5585427	-1.5506234	-1.3578885	-1.2025012	-1.2502667	-1.2055067
chr1	28586515	28587515	dCas9_LTR2B_peak_4	-0.72789407	-0.53652716	-1.0751089	-0.26866582	1.2386216	-0.45900708	-2.03605	-1.0208535	-1.0098561	-1.320656	-0.43997198
chr1	31482467	31483467	dCas9_LTR2B_peak_5	0.9467057	-0.9515646	-1.5156814	-0.59059393	0.7861094	2.828859	2.1734033	2.7822013	-1.8943788	-0.94214433	-2.5274348
chr1	36386146	36387146	dCas9_LTR2B_peak_6	2.6050892	3.03712	3.8267107	-1.4206688	1.1029665	2.4982884	2.1014533	2.4709995	-1.8943788	-2.1831524	-3.5274346
chr1	46325172	46326172	dCas9_LTR2B_peak_7	-0.7844776	-0.78163964	-1.7380738	0.2673871	1.1029665	1.093534	-0.14852491	1.214363	-1.5948185	-0.6883878	-0.8269951
chr1	46331651	46332651	dCas9_LTR2B_peak_8	-0.6734463	-0.7291722	-1.5156814	-0.59059393	1.0617439	0.3620228	-0.27051544	0.3714639	-1.8943788	-0.6883878	-1.9424723
chr1	67214647	67215647	dCas9_LTR2B_peak_9	-0.72789407	-1.3666022	-2.1531112	-0.19827649	0.5078082	-1.665458	-1.4510876	-3.2838879	-2.2728903	-0.6883878	-1.7200798
chr1	89181818	89182818	dCas9_LTR2B_peak_10	-1.9689021	-2.2145991	-1.4161458	-0.6837033	-0.0023864962	-2.3658977	-3.773016	-2.4358912	-1.5073557	-1.1831524	-0.43997198
chr1	89994445	89995445	dCas9_LTR2B_peak_11	1.5258626	2.3823361	2.9201374	-2.2686658	-1.4618181	1.9650192	1.5489124	2.0523953	-2.2728903	-1.7356935	-4.527435
chr1	109731193	109732193	dCas9_LTR2B_peak_12	-1.4283338	-1.0129652	-1.6225966	-0.6837033	0.8839567	-1.459007	-2.7730157	-2.4358912	-1.4248935	-0.8876966	-0.94247234
chr1	110329914	110330914	dCas9_LTR2B_peak_13	1.0635192	-1.214599	-1.0751089	0.49686894	0.5970756	-1.5585427	-1.5506234	-1.6989255	-1.5073557	-0.8876966	-0.94247234
chr1	145877555	145878555	dCas9_LTR2B_peak_14	0.06351931	-0.36660212	0.10322836	-2.2686658	-0.8768556	-0.6654579	-1.0360502	-0.85092854	-1.3468909	-0.59819	-1.2055067
chr1	145964126	145965126	dCas9_LTR2B_peak_15	1.8004848	2.3214538	2.8267107	-1.0056314	-1.3463409	2.2190647	1.8994095	2.1755438	-1.4248935	-1.320656	-1.5274348
chr1	148324888	148325888	dCas9_LTR2B_peak_16	-1.2584088	-1.536527	-1.3230364	-0.42066893	-0.23942569	-1.1959727	-0.9656608	-0.7984611	-1.135387	-0.6883878	-0.35750985
chr1	151280915	151281915	dCas9_LTR2B_peak_17	1.7415912	2.2836518	2.876636	-1.5905939	-2.0467806	2.7939737	2.856341	3.3885374	-2.009856	-1.9421444	-2.2055068
chr1	166652546	166653546	dCas9_LTR2B_peak_18	-1.4283338	-2.0770955	-2.5156813	-0.59059393	0.44507247	-1.5585427	-1.8985466	-2.0208535	-2.5948186	-0.83522916	-0.94247234
chr1	167719573	167720573	dCas9_LTR2B_peak_19	-0.72789407	-0.78163964	-0.7994744	-0.19827649	0.9976135	-0.7220415	-1.3579782	-0.39636266	-1.5948185	-1.0576216	-0.8269951
chr1	167862915	167863915	dCas9_LTR2B_peak_20	1.4543092	-1.0129652	-0.7994744	-1.0056314	0.44507247	-1.459007	-1.4510876	-0.69892544	-1.5073557	-0.55512124	-1.5274348
chr1	169052062	169053062	dCas9_LTR2B_peak_21	-0.5703528	-1.214599	-1.1531115	-0.42066893	0.16267274	-1.2784349	-1.7730157	-0.96195984	-1.0098561	-1.0576216	-1.2055067
chr1	169687496	169688496	dCas9_LTR2B_peak_22	-1.7278941	-1.214599	-2.7380738	-1.1311623	-0.46181813	-2.7809353	-1.2705154	-1.2838879	-0.73683757	-0.3946566	-1.3575099
chr1	171600315	171601315	dCas9_LTR2B_peak_23	-1.340871	-1.0129652	-1.6225966	-1.0056314	0.5078082	-0.41170135	-1.3579782	-0.51835316	-1.2728904	-0.25026667	-0.8269951
chr1	171606279	171607279	dCas9_LTR2B_peak_24	-0.9689022	-1.4490643	-1.0751089	-0.5031311	0.5078082	-1.3658977	-1.1100508	-0.28388792	-1.2728904	-0.1831525	-0.8269951
chr1	171615349	171616349	dCas9_LTR2B_peak_25	-0.6734463	-1.6296365	-1.5156814	-0.8901542	0.5679292	-1.1179701	-2.3579783	-1.3578885	-1.4248935	-0.55512124	-0.94247234
chr1	174158986	174159986	dCas9_LTR2B_peak_26	2.2995868	3.1981826	3.748426	-1.2686658	-1.13989	1.8040273	1.6864158	1.9333428	-2.009856	-1.1190221	-1.5274348
chr1	182299647	182300647	dCas9_LTR2B_peak_27	2.372566	2.3026767	2.619478	-2.0056314	-1.2394258	1.6675254	1.1966106	1.9177458	-1.5073557	-1.320656	-1.2055067
chr1	185316941	185317941	dCas9_LTR2B_peak_28	2.0146098	2.6182911	3.3387418	-1.5905939	-1.4618181	2.4478836	2.4364376	2.7692235	-3.009856	-1.8352293	-2.5274348
chr1	196216681	196217681	dCas9_LTR2B_peak_29	-1.5214431	-1.0129652	-2.7380738	-0.5031311	-0.52321863	-1.2784349	-0.77301574	-1.0208535	-0.7874636	-0.43313074	-0.8269951
chr1	206052547	206053547	dCas9_LTR2B_peak_30	-1.1064056	-0.5823308	-0.93071896	-0.1311623	0.9976135	-0.41170135	-1.7730157	-1.5183531	-0.9509623	-0.3946566	-0.43997198
chr1	206057999	206058999	dCas9_LTR2B_peak_31	-0.7844776	-0.7291722	-1.0751089	-0.26866582	0.86011	-1.0439696	-2.5506234	-1.1463844	-0.68792796	-0.9987279	-0.5274348
chr1	206058416	206059416	dCas9_LTR2B_peak_32	-2.1064057	-1.0770955	-1.8636047	-1.0056314	0.62564474	-0.8423357	-2.5506234	-0.747835	-1.0712565	-0.78460306	-1.3575099
chr1	211693946	211694946	dCas9_LTR2B_peak_33	-1.1804063	-1.0770955	-1.7380738	0.9012592	0.47678134	-1.459007	-0.55062336	-1.2838879	-1.3468909	-0.1831525	-0.2795073
chr1	227589074	227590074	dCas9_LTR2B_peak_34	-0.34087095	-0.5823308	-2.1531112	0.8356708	0.97558725	-1.2784349	-1.0360502	-0.85092854	-1.0712565	0.40181	-0.7200799
chr1	229243993	229244993	dCas9_LTR2B_peak_35	-0.9689022	-1.6296365	-1.8636047	-0.26866582	0.6536591	-0.2784348	-1.6575385	-1.3578885	-0.6406222	-0.4726591	-0.43997198
chr1	247475803	247476803	dCas9_LTR2B_peak_36	-1.340871	-1.3666022	-1.4161458	-0.1311623	0.53818184	-1.459007	-0.65753853	-1.435891	-1.0098561	-0.05762161	-0.8269951
chr2	25233875	25234875	dCas9_LTR2B_peak_170	-0.4283338	-1.2885996	-1.8636047	-1.4206688	-1.3463409	-1.0439696	1.560885	2.543931	-1.6879278	-1.7356935	-1.7200798
chr2	27031812	27032812	dCas9_LTR2B_peak_171	1.4296472	1.9472888	2.6077008	-0.5031311	-0.8768556	0.7426268	0.47491172	1.3249214	-1.7874637	-1.8352293	-1.5274348
chr2	41039651	41040651	dCas9_LTR2B_peak_172	-2.4283338	-2.3666022	-3.7380738	-2.0056314	-1.4618181	-1.7809352	-3.0360503	-2.0208535	-1.5073557	-1.4726591	-0.5274348
chr2	48205888	48206888	dCas9_LTR2B_peak_173	0.7009492	-1.0129652	-1.7380738	-1.1311623	-0.046780612	-1.1179701	-1.4510876	-0.3204138	-2.2728903	-0.8876966	-1.2055067
chr2	51086122	51087122	dCas9_LTR2B_peak_174	-2.1064057	-2.7291722	-1.7380738	-1.1311623	-0.65446323	-1.7809352	-2.03605	-2.4358912	-1.5948185	-1.1831524	-0.5274348
chr2	55271253	55272253	dCas9_LTR2B_peak_175	-0.7844776	-1.4490643	-1.7380738	-1.2686658	0.97558725	-1.7809352	-1.7730157	-1.1463844	-1.2025012	-0.4726591	-1.7200798
chr2	89050918	89051918	dCas9_LTR2B_peak_176	-3.1064057	-2.5365272	-4.323036	-3.5905938	-1.2394258	-2.3658977	-3.357978	-2.4358912	-2.7874637	-2.320656	-3.5274346
chr2	105034687	105035687	dCas9_LTR2B_peak_177	-1.2584088	-1.9515647	-1.5156814	-0.26866582	-0.3463409	-1.665458	-1.6575385	-1.6058159	-1.5073557	-0.83522916	-0.94247234
chr2	112849674	112850674	dCas9_LTR2B_peak_178	-1.1064056	-2.3666022	-1.7380738	-0.783239	0.34553683	-1.3658977	-1.2705154	-1.1463844	-1.2728904	-0.8876966	-0.7200799
chr2	113851466	113852466	dCas9_LTR2B_peak_179	-1.1064056	-2.2145991	-1.7380738	-1.4206688	0.7861094	-0.7220415	-1.1100508	-0.96195984	-0.5073557	-0.5133011	-1.0680032
chr2	121755039	121756039	dCas9_LTR2B_peak_180	1.2010227	1.61322	1.9715843	-0.783239	-1.0467806	2.270727	1.6420218	1.8940297	-1.8943788	-1.8352293	-2.2055068
chr2	135117162	135118162	dCas9_LTR2B_peak_181	-0.25840878	-0.044674043	-0.3688401	-0.42066893	-1.13989	-0.2784348	-0.89854664	-0.39636266	-0.27289045	-0.8876966	-1.7200798
chr2	138536723	138537723	dCas9_LTR2B_peak_182	-0.4283338	-1.7291722	-1.2355735	0.16429359	-0.0023864962	-1.1179701	-2.1880531	-1.1463844	-0.9509623	-0.21631935	-1.2055067
chr2	142586281	142587281	dCas9_LTR2B_peak_183	-2.1064057	-2.7291722	-2.1531112	-2.5905938	-0.8768556	-1.3658977	-1.7730157	-1.1463844	-1.5948185	-0.83522916	-0.94247234
chr2	170212806	170213806	dCas9_LTR2B_peak_184	0.15662871	-0.78163964	-0.93071896	0.5386891	0.7345791	0.5409929	-0.65753853	1.5027084	-1.0712565	-1.0576216	-0.5274348
chr2	175167843	175168843	dCas9_LTR2B_peak_185	1.9467057	2.5509357	3.411673	-1.7832389	-1.7248526	2.0004246	2.2118773	2.6609704	-2.7874637	-1.9421444	-1.9424723
chr2	188040055	188041055	dCas9_LTR2B_peak_186	-3.4283338	-2.9515646	-2.0011082	-2.0056314	-0.52321863	-2.7809353	-1.5506234	-2.0208535	-1.7874637	-1.4726591	-0.94247234
chr2	190157710	190158710	dCas9_LTR2B_peak_187	-1.4283338	-1.0129652	-2.7380738	-2.5905938	0.2386216	-2.0439696	-1.2705154	-1.9053763	-1.0712565	-1.2502667	-0.8269951
chr2	237505968	237506968	dCas9_LTR2B_peak_188	-2.6209788	-1.9515647	-3.3230364	-1.2686658	-0.23942569	-1.906466	-1.8985466	-1.9053763	-2.2728903	-0.6425841	-1.2055067
chr3	4785165	4786165	dCas9_LTR2B_peak_219	-0.72789407	-0.32707375	-1.0011083	-0.5031311	1.1430439	-0.23661466	-1.0360502	-0.7984611	-1.0098561	-0.94214433	-1.7200798
chr3	11131723	11132723	dCas9_LTR2B_peak_220	-1.6209788	-1.6296365	-1.0751089	-2.0056314	0.53818184	-2.5585427	-2.3579783	-1.2838879	-1.6879278	-0.6425841	-0.35750985
chr3	36674612	36675612	dCas9_LTR2B_peak_221	-0.9689022	-1.7291722	-1.7380738	-1.2686658	0.5970756	-0.8423357	-1.4510876	-2.2838879	-0.839931	-0.28503212	-0.13511741
chr3	39004425	39005425	dCas9_LTR2B_peak_222	-0.47413746	-0.892671	-1.1531115	-0.26866582	0.5679292	-1.1959727	-1.6575385	-1.6058159	-1.5948185	-0.4726591	-0.94247234
chr3	74824892	74825892	dCas9_LTR2B_peak_223	-3.1064057	-2.9515646	-5.323036	-3.5905938	-1.2394258	-2.3658977	-2.03605	-2.4358912	-1.2728904	-1.1831524	-1.7200798
chr3	74830688	74831688	dCas9_LTR2B_peak_224	-4.4283338	-3.214599	-2.1531112	-1.2686658	-1.7248526	-0.7220415	-2.3579783	-2.0208535	-0.89437884	-1.1831524	-1.5274348
chr3	76042452	76043452	dCas9_LTR2B_peak_225	-2.6209788	-2.7291722	-2.3230364	-0.783239	-1.0467806	-1.665458	-1.2705154	-1.1463844	-0.89437884	-0.7356935	-2.5274348
chr3	78266492	78267492	dCas9_LTR2B_peak_226	-3.8433714	-1.9515647	-1.8636047	-1.1311623	-0.65446323	-0.906466	-2.03605	-1.9053763	-1.2728904	-0.28503212	-1.9424723
chr3	86091797	86092797	dCas9_LTR2B_peak_227	-2.4283338	-2.9515646	-2.3230364	-1.7832389	-0.79885316	-1.665458	-3.357978	-2.1463845	-1.4248935	-0.94214433	-0.62054425
chr3	93936629	93937629	dCas9_LTR2B_peak_228	-2.2584088	-1.7291722	-1.5156814	-1.5905939	0.040682223	-1.906466	-1.5506234	-3.0208535	-1.2025012	-0.8876966	-1.2055067
chr3	95356702	95357702	dCas9_LTR2B_peak_229	-3.8433714	-3.214599	-2.7380738	-1.0056314	-0.23942569	-1.2784349	-1.8985466	-2.0208535	-1.2025012	-0.6883878	-0.5274348
chr3	98642350	98643350	dCas9_LTR2B_peak_230	-2.2584088	-2.3666022	-2.7380738	-2.5905938	-0.23942569	-2.3658977	-1.2705154	-1.1463844	-1.5948185	-0.78460306	-0.43997198
chr3	101612535	101613535	dCas9_LTR2B_peak_231	-0.14293158	-1.2885996	-1.0751089	-1.4206688	0.47678134	-0.9735802	-2.1880531	-0.7984611	-1.6879278	-0.8876966	-0.8269951
chr3	104521874	104522874	dCas9_LTR2B_peak_232	-1.5214431	-2.7291722	-3.7380738	-1.0056314	-1.5873489	0.9560304	-0.4999973	-0.05122717	-1.5948185	-0.59819	-0.7200799
chr3	109393310	109394310	dCas9_LTR2B_peak_233	-2.1064057	-2.7291722	-2.0011082	-3.5905938	-0.3463409	-2.0439696	-3.773016	-2.7984612	-2.4248934	-0.7356935	-1.5274348
chr3	121548620	121549620	dCas9_LTR2B_peak_234	-1.4283338	-2.3666022	-1.7380738	-1.5905939	-0.8768556	1.7838495	1.4102061	1.4816469	-2.2728903	-0.35718188	-1.0680032
chr3	125596609	125597609	dCas9_LTR2B_peak_235	-0.9689022	-2.0770955	-1.6225966	-1.5905939	0.16267274	0.24881218	-0.55062336	0.8699174	-1.2728904	-0.55512124	-1.5274348
chr3	138596995	138597995	dCas9_LTR2B_peak_236	-1.4283338	-0.9515646	-2.0011082	-0.6837033	0.5970756	-1.0439696	-2.1880531	-1.0208535	-1.5948185	-1.1831524	-1.2055067
chr3	138597280	138598280	dCas9_LTR2B_peak_237	-1.6209788	-0.78163964	-2.0011082	-0.5031311	0.44507247	-1.1959727	-2.03605	-1.0208535	-1.2025012	-1.2502667	-1.2055067
chr3	139339073	139340073	dCas9_LTR2B_peak_238	1.7713386	1.3214539	1.6194781	-1.5905939	-1.5873489	0.093533956	-0.89854664	-1.435891	-2.2728903	-1.320656	-1.3575099
chr3	150546096	150547096	dCas9_LTR2B_peak_239	1.4045563	2.7114003	3.2953494	-2.0056314	-1.4618181	2.5228457	1.8804265	2.523467	-3.2728903	-2.1831524	-1.2055067
chr3	157578865	157579865	dCas9_LTR2B_peak_240	-2.2584088	-2.7291722	-2.0011082	-1.0056314	-0.23942569	-1.906466	-2.3579783	-1.9053763	-1.4248935	-0.94214433	-1.0680032
chr3	162708545	162709545	dCas9_LTR2B_peak_241	-1.9689021	-1.8360875	-2.7380738	-1.1311623	-0.40292445	-1.2784349	-1.4510876	-0.7984611	-0.839931	-1.0576216	-0.62054425
chr3	192091027	192092027	dCas9_LTR2B_peak_242	-2.2584088	-1.536527	-2.0011082	-1.0056314	0.0825024	-2.7809353	-2.7730157	-2.0208535	-1.0098561	-0.35718188	-0.8269951
chr3	198107526	198108526	dCas9_LTR2B_peak_243	1.3918452	1.3942102	1.816515	-0.1311623	-0.587349	-0.043969568	0.3969092	-0.3204138	-0.5504244	-0.7356935	-0.8269951
chr4	389665	390665	dCas9_LTR2B_peak_244	-3.1064057	-0.892671	-2.0011082	-0.59059393	-0.13989002	-0.8423357	-2.5506234	-1.6058159	-0.7874636	-0.21631935	-1.7200798
chr4	6003645	6004645	dCas9_LTR2B_peak_245	-1.8433713	-2.2145991	-2.5156813	-2.0056314	-1.13989	-0.906466	-2.5506234	-2.2838879	-0.89437884	-0.8876966	-0.7200799
chr4	6511425	6512425	dCas9_LTR2B_peak_246	-1.5214431	-3.5365272	-2.7380738	-1.2686658	-1.0467806	-3.0439694	-2.5506234	-4.0208535	-1.0712565	-1.2502667	-4.527435
chr4	22599179	22600179	dCas9_LTR2B_peak_247	-1.8433713	-3.9515646	-2.7380738	-1.5905939	-1.0467806	-1.906466	-2.1880531	-2.1463845	-2.135387	-0.55512124	-1.0680032
chr4	22604858	22605858	dCas9_LTR2B_peak_248	-1.8433713	-1.536527	-3.7380738	-1.7832389	-0.52321863	-1.906466	-1.3579782	-1.3578885	-2.135387	-0.8876966	-1.7200798
chr4	25372142	25373142	dCas9_LTR2B_peak_249	-1.1804063	-0.9515646	-1.8636047	-0.8901542	0.7081069	-0.2784348	-1.1100508	-1.0208535	-1.2728904	-0.55512124	-0.94247234
chr4	37551762	37552762	dCas9_LTR2B_peak_250	-2.1064057	-1.4490643	-1.6225966	-0.8901542	-0.587349	-2.0439696	-2.1880531	-1.435891	-1.0712565	-0.28503212	-0.94247234
chr4	40294620	40295620	dCas9_LTR2B_peak_251	-0.6734463	-0.077095516	-0.7380739	0.3162967	0.47678134	0.060367092	-0.110050775	0.27682704	0.16006896	1.537325	1.2004856
chr4	40295010	40296010	dCas9_LTR2B_peak_252	-0.9689022	-0.44906428	-0.7994744	0.40940607	0.31077138	0.060367092	-0.22869526	0.03804017	-0.20250112	1.1387756	0.5169593
chr4	68569667	68570667	dCas9_LTR2B_peak_253	-0.72789407	-1.6296365	-2.1531112	-1.2686658	-0.0023864962	-5.5179005	-5.5099816	-5.757819	-5.7468214	-5.794587	-4.6794376
chr4	69050542	69051542	dCas9_LTR2B_peak_254	-1.0360163	-1.7291722	-1.7380738	-0.6837033	-0.52321863	-2.1959727	-3.773016	-2.7984612	-1.4248935	-1.320656	-1.3575099
chr4	69050795	69051795	dCas9_LTR2B_peak_255	-0.72789407	-1.536527	-1.7380738	-0.5031311	-0.8768556	-2.3658977	-2.7730157	-2.4358912	-1.4248935	-1.1190221	-1.9424723
chr4	69056773	69057773	dCas9_LTR2B_peak_256	-1.340871	-1.214599	-1.7380738	-1.0056314	-0.587349	-3.780935	-3.357978	-1.7984611	-1.2728904	-1.320656	-1.7200798
chr4	87422021	87423021	dCas9_LTR2B_peak_257	1.7908347	2.3338375	2.9057825	-1.5905939	-1.4618181	2.133948	2.1014533	2.4165518	-2.2728903	-1.4726591	-1.2055067
chr4	91352813	91353813	dCas9_LTR2B_peak_258	-2.1064057	-2.3666022	-2.3230364	-1.2686658	-0.52321863	-1.665458	-2.1880531	-2.2838879	-0.9509623	-1.0576216	-0.62054425
chr4	91358516	91359516	dCas9_LTR2B_peak_259	-2.2584088	-2.0770955	-1.4161458	-0.6837033	0.2386216	-1.906466	-3.357978	-1.0208535	-1.2728904	-0.9987279	-1.3575099
chr4	93300296	93301296	dCas9_LTR2B_peak_260	-1.6209788	-2.5365272	-1.6225966	-0.6837033	-0.13989002	-2.3658977	-1.6575385	-1.2134986	-1.6879278	-1.1831524	-2.2055068
chr4	115950253	115951253	dCas9_LTR2B_peak_261	-2.6209788	-2.0770955	-2.5156813	-0.8901542	-0.092584305	-1.1959727	-3.357978	-0.90537626	-0.839931	-0.83522916	-1.2055067
chr4	115955996	115956996	dCas9_LTR2B_peak_262	-3.4283338	-2.0770955	-2.1531112	-1.2686658	0.37948415	-1.459007	-1.3579782	-0.96195984	-1.5948185	-1.320656	-1.0680032
chr4	128259896	128260896	dCas9_LTR2B_peak_263	-1.7278941	-1.3666022	-1.7380738	-1.0056314	-0.092584305	-1.459007	-2.3579783	-2.7984612	-1.2025012	-0.6425841	-1.2055067
chr4	128267071	128268071	dCas9_LTR2B_peak_264	-1.2584088	-1.8360875	-1.4161458	-0.42066893	0.5970756	-1.3658977	-1.7730157	-1.5183531	-1.135387	-0.94214433	-1.2055067
chr4	131547580	131548580	dCas9_LTR2B_peak_265	-1.6209788	-1.8360875	-1.0751089	-1.4206688	-0.79885316	-2.3658977	-3.773016	-2.0208535	-1.2025012	-0.4726591	-1.2055067
chr4	153129010	153130010	dCas9_LTR2B_peak_266	-2.6209788	-1.8360875	-1.8636047	-1.5905939	-2.7248526	-2.0439696	-2.03605	-1.5183531	-1.2025012	-2.0576215	-2.2055068
chr4	162850849	162851849	dCas9_LTR2B_peak_267	-1.2584088	-1.9515647	-1.6225966	-0.5031311	-0.092584305	-0.45900708	-2.5506234	-0.3578885	-0.89437884	-0.9987279	-2.2055068
chr4	164935422	164936422	dCas9_LTR2B_peak_268	-0.72789407	-1.6296365	-3.0011082	-2.5905938	-0.3463409	-2.1959727	-2.03605	-2.2838879	-1.8943788	-0.78460306	-0.13511741
chr4	185826764	185827764	dCas9_LTR2B_peak_269	-1.6209788	-1.3666022	-2.5156813	-0.8901542	-1.2394258	-1.1959727	-2.7730157	-2.4358912	-1.5948185	-1.2502667	-1.0680032
chr4	185827227	185828227	dCas9_LTR2B_peak_270	-1.4283338	-1.8360875	-1.8636047	-0.783239	-1.4618181	-1.5585427	-2.7730157	-2.2838879	-1.5073557	-0.94214433	-1.3575099
chr4	189880818	189881818	dCas9_LTR2B_peak_271	0.8004849	0.1358982	-0.27864227	1.4754952	1.6536591	0.02641976	-0.4510877	-0.39636266	0.5137059	0.16477081	-0.06800322
chr4	190015810	190016810	dCas9_LTR2B_peak_272	-1.6209788	-2.9515646	-1.8636047	-1.0056314	-0.79885316	0.093533956	-2.7730157	-1.9053763	-1.6879278	-0.6425841	-1.7200798
chr5	5087504	5088504	dCas9_LTR2B_peak_273	-1.1064056	-2.0770955	-1.7380738	-0.8901542	0.37948415	-2.1959727	-1.4510876	-1.2838879	-1.0098561	-0.6883878	0.057527665
chr5	10760975	10761975	dCas9_LTR2B_peak_274	1.6484817	2.8428512	3.2731535	-1.5905939	-1.2394258	2.5882986	2.8756413	3.541389	-2.135387	-1.5551213	-2.2055068
chr5	29239477	29240477	dCas9_LTR2B_peak_275	-1.1064056	-0.78163964	-1.8636047	-1.0056314	-0.0023864962	-1.0439696	-1.3579782	-2.605816	-1.5948185	-0.11902215	-0.35750985
chr5	42818948	42819948	dCas9_LTR2B_peak_276	-0.9689022	-1.0770955	-1.1531115	-0.005631413	0.27514747	-1.2784349	-0.40378198	-0.6516197	-1.135387	-0.32065603	-0.62054425
chr5	45205541	45206541	dCas9_LTR2B_peak_277	-1.7278941	-0.7291722	-1.1531115	-0.8901542	0.16267274	-1.906466	-1.6575385	-0.96195984	-1.135387	0.0012720784	-0.5274348
chr5	45205998	45206998	dCas9_LTR2B_peak_278	-1.8433713	-0.78163964	-0.93071896	-0.26866582	-0.2918931	-2.3658977	-1.7730157	-0.69892544	-1.2025012	-0.1831525	-0.62054425
chr5	57173455	57174455	dCas9_LTR2B_peak_279	1.5374504	2.4059875	3.2161224	-1.7832389	-2.2394257	2.576617	2.2930734	3.0630689	-3.2728903	-2.8352292	-4.527435
chr5	75473777	75474777	dCas9_LTR2B_peak_280	-0.9689022	-2.5365272	-2.3230364	-0.783239	0.34553683	-1.5585427	-1.8985466	-1.3578885	-2.009856	-0.9987279	-1.0680032
chr5	77758025	77759025	dCas9_LTR2B_peak_281	-0.38393965	-1.7291722	-1.6225966	-0.59059393	0.53818184	-1.0439696	-1.2705154	-1.2838879	-0.73683757	-0.08799526	-1.3575099
chr5	82266895	82267895	dCas9_LTR2B_peak_282	-2.1064057	-2.0770955	-2.1531112	-0.005631413	0.62564474	-1.3658977	-0.9656608	-1.5183531	-0.73683757	-0.35718188	-0.62054425
chr5	82272869	82273869	dCas9_LTR2B_peak_283	-0.6734463	-0.892671	-1.7380738	-1.1311623	0.62564474	-0.32150355	-0.35797828	-0.113962926	-0.9509623	-0.55512124	-0.8269951
chr5	82417238	82418238	dCas9_LTR2B_peak_284	1.2995867	-1.1442097	-0.8636048	-0.783239	0.7605743	1.9469854	1.0343392	2.0806844	-2.2728903	-1.3946565	-1.0680032
chr5	112531986	112532986	dCas9_LTR2B_peak_285	-1.1804063	-1.7291722	-1.3230364	-1.1311623	-0.23942569	-0.906466	-1.2705154	-0.69892544	-1.135387	-0.8876966	-1.0680032
chr5	133049287	133050287	dCas9_LTR2B_peak_286	0.96398365	0.2708278	-0.1531114	-1.0056314	0.6536591	-0.6654579	-0.60309076	-1.5183531	-0.5073557	-0.9987279	-1.5274348
chr5	138337800	138338800	dCas9_LTR2B_peak_287	2.1339085	2.9752254	3.7564485	-1.5905939	-2.7248526	3.0264196	2.6864157	3.070141	-2.135387	-2.1831524	-4.527435
chr5	139525760	139526760	dCas9_LTR2B_peak_288	-0.9689022	-1.536527	-1.6225966	-1.5905939	0.86011	-1.0439696	-2.3579783	-1.7984611	-1.2025012	-0.78460306	-1.5274348
chr5	139530947	139531947	dCas9_LTR2B_peak_289	-1.1064056	-1.2885996	-0.93071896	0.216761	0.6811398	-1.3658977	-1.8985466	-1.2838879	-0.3094163	-0.59819	-0.7200799
chr5	142236142	142237142	dCas9_LTR2B_peak_290	-1.4283338	-1.8360875	-1.7380738	-1.7832389	-0.23942569	-1.906466	-1.4510876	-2.7984612	-1.7874637	-0.8876966	-2.2055068
chr5	157464201	157465201	dCas9_LTR2B_peak_291	-1.1804063	-1.0129652	-1.0751089	-1.7832389	-0.0023864962	-0.41170135	-0.7141221	-0.69892544	-1.5948185	-0.94214433	-1.9424723
chr5	163312651	163313651	dCas9_LTR2B_peak_292	-1.8433713	-1.3666022	-1.7380738	-0.42066893	0.34553683	-1.3658977	-1.3579782	-2.0208535	-0.68792796	-0.5133011	-0.8269951
chr5	163318563	163319563	dCas9_LTR2B_peak_293	-2.1064057	-1.9515647	-1.3230364	-2.0056314	-0.092584305	-1.3658977	-1.7730157	-1.5183531	-1.0712565	-0.6883878	-0.7200799
chr5	179048155	179049155	dCas9_LTR2B_peak_294	-3.1064057	-2.2145991	-1.8636047	-2.5905938	-0.8768556	-1.7809352	-1.8985466	-2.1463845	-1.4248935	-1.0576216	-1.2055067
chr6	833901	834901	dCas9_LTR2B_peak_295	-1.7278941	-1.3666022	-2.0011082	-1.4206688	-0.7248525	0.937883	0.5727591	0.43857813	-0.102965444	-0.78460306	-1.9424723
chr6	14975811	14976811	dCas9_LTR2B_peak_296	-0.5703528	-1.3666022	-1.1531115	-0.06703196	0.90741575	0.7215652	0.68641585	0.751736	-0.89437884	-0.28503212	-0.7200799
chr6	20212047	20213047	dCas9_LTR2B_peak_297	1.8195937	2.8600776	3.5098536	-0.8901542	-2.2394257	2.576617	1.9639498	2.4109924	-3.009856	-2.1831524	-4.527435
chr6	26177788	26178788	dCas9_LTR2B_peak_298	-0.34087095	-1.536527	-1.2355735	-0.1311623	1.2200059	-0.45900708	-0.89854664	-0.248264	-1.2025012	-0.78460306	-1.3575099
chr6	26561273	26562273	dCas9_LTR2B_peak_299	-0.72789407	-1.3666022	-1.0751089	0.5793311	1.2011468	0.15766428	0.10145334	-0.1463844	-0.7874636	-0.9987279	-1.2055067
chr6	27051927	27052927	dCas9_LTR2B_peak_300	-0.5214432	-1.0129652	-1.5156814	-0.3426664	1.2386216	-1.0439696	-1.5506234	-2.0208535	-0.34689102	-0.55512124	-1.7200798
chr6	27052208	27053208	dCas9_LTR2B_peak_301	-0.38393965	-1.1442097	-2.1531112	-0.42066893	1.0193086	-1.459007	-1.3579782	-1.9053763	-0.3853652	-0.4726591	-0.7200799
chr6	27284965	27285965	dCas9_LTR2B_peak_302	-0.47413746	-0.9515646	-1.0751089	-0.06703196	1.2200059	-1.0439696	-1.2705154	-1.9053763	-0.68792796	-0.11902215	-1.3575099
chr6	27773796	27774796	dCas9_LTR2B_peak_303	1.9979309	-1.0770955	-1.1531115	-1.4206688	-0.0023864962	0.8820299	0.7081109	0.50270844	-1.0712565	-1.8352293	-2.2055068
chr6	28566540	28567540	dCas9_LTR2B_peak_304	2.5660198	1.1777184	1.1032283	0.932968	1.2751474	0.9008889	1.2567316	0.227074	-0.5504244	-0.6883878	-0.62054425
chr6	29632637	29633637	dCas9_LTR2B_peak_305	1.5374504	2.0633857	2.6993313	-2.2686658	-0.95931774	0.12595543	-0.7141221	0.8699174	-2.2728903	-2.320656	-2.5274348
chr6	31185868	31186868	dCas9_LTR2B_peak_306	-0.9047718	-1.2885996	-1.2355735	-0.5031311	0.8112004	-1.5585427	-1.2705154	-1.1463844	-0.839931	-0.6425841	-0.94247234
chr6	38796297	38797297	dCas9_LTR2B_peak_307	-0.18040627	-1.4490643	-1.8636047	-0.783239	0.412651	-2.1959727	-1.7730157	-1.2134986	-1.2728904	-0.78460306	-1.3575099
chr6	43642383	43643383	dCas9_LTR2B_peak_308	-0.47413746	-0.9515646	-1.4161458	-1.4206688	1.1430439	-0.32150355	-1.7730157	-1.2838879	-0.839931	-0.6425841	-1.2055067
chr6	52303488	52304488	dCas9_LTR2B_peak_309	1.7614907	-1.214599	-2.3230364	-1.4206688	-0.3463409	0.7838495	0.72948456	0.30107456	-1.5073557	-0.8876966	-0.5274348
chr6	62765941	62766941	dCas9_LTR2B_peak_310	-1.4283338	-2.0770955	-1.6225966	-0.783239	-0.79885316	-1.0439696	-2.03605	-2.1463845	-0.27289045	-0.83522916	-1.3575099
chr6	68179764	68180764	dCas9_LTR2B_peak_311	-1.6209788	-1.8360875	-1.5156814	0.1098458	-0.23942569	-1.1179701	-1.2705154	-2.1463845	-1.135387	-0.35718188	-1.5274348
chr6	74236923	74237923	dCas9_LTR2B_peak_312	-2.1064057	-1.536527	-2.1531112	-0.8901542	-0.587349	-0.9735802	-2.1880531	-1.2134986	-0.34689102	-0.94214433	-0.20550673
chr6	74467983	74468983	dCas9_LTR2B_peak_313	-2.2584088	-2.3666022	-3.3230364	-2.0056314	-0.7248525	-1.665458	-1.2705154	-0.90537626	-0.6406222	-0.5133011	-1.5274348
chr6	74473996	74474996	dCas9_LTR2B_peak_314	-1.9689021	-2.7291722	-2.7380738	-1.2686658	-0.13989002	-1.7809352	-1.8985466	-1.6989255	-0.73683757	-0.28503212	-1.0680032
chr6	86609382	86610382	dCas9_LTR2B_peak_315	-1.7278941	-1.6296365	-1.4161458	-0.8901542	-0.046780612	-0.5079167	-2.3579783	-0.28388792	-0.9509623	-1.0576216	-0.8269951
chr6	88661992	88662992	dCas9_LTR2B_peak_316	-2.2584088	-1.8360875	-1.8636047	-0.8901542	0.34553683	-0.7809351	-2.03605	-1.435891	-1.0712565	-0.78460306	-0.94247234
chr6	111283748	111284748	dCas9_LTR2B_peak_317	-1.5214431	-1.7291722	-0.93071896	-1.4206688	0.8839567	-0.8423357	-1.1880534	-1.2134986	-1.3468909	-0.21631935	-1.2055067
chr6	111289673	111290673	dCas9_LTR2B_peak_318	-0.6734463	-1.2885996	-2.0011082	-0.5031311	0.34553683	-1.3658977	-1.2705154	-1.1463844	-0.839931	-0.6883878	-1.5274348
chr6	116325371	116326371	dCas9_LTR2B_peak_319	-1.6209788	-2.5365272	-2.0011082	-0.783239	-0.18879963	-1.5585427	-2.7730157	-1.1463844	-1.0098561	-0.83522916	-1.5274348
chr6	132600508	132601508	dCas9_LTR2B_peak_320	-1.4283338	-1.0770955	-1.6225966	-2.0056314	-2.4618182	-2.0439696	-2.03605	-1.9053763	-0.839931	-1.1831524	-0.94247234
chr6	154128597	154129597	dCas9_LTR2B_peak_321	-1.2584088	-1.3666022	-1.6225966	-0.783239	0.62564474	-0.9735802	-1.8985466	-2.0208535	-0.73683757	-0.3946566	-1.2055067
chr6	157429112	157430112	dCas9_LTR2B_peak_322	-0.47413746	-1.3666022	-1.0011083	-0.6837033	0.47678134	-1.5585427	-3.0360503	-1.3578885	-1.0098561	-1.320656	-1.2055067
chr6	166957895	166958895	dCas9_LTR2B_peak_323	-0.21888043	-1.4490643	-2.3230364	-1.2686658	0.040682223	1.2923138	0.75054616	0.7865014	-0.89437884	-0.78460306	-1.7200798
chr6	166988824	166989824	dCas9_LTR2B_peak_324	-0.34087095	-0.8360874	-1.3230364	0.053262275	0.8358624	-0.6654579	-0.83441633	-1.2134986	-0.5504244	-0.6425841	-1.3575099
chr6	170145799	170146799	dCas9_LTR2B_peak_325	-0.9689022	-1.1442097	-1.5156814	-2.5905938	-1.0467806	-0.5079167	-0.77301574	-1.2838879	-0.9509623	-0.55512124	-2.5274348
chr7	905153	906153	dCas9_LTR2B_peak_326	-0.47413746	-0.9515646	-1.6225966	-0.3426664	-0.95931774	-0.117970146	-0.31358415	-0.1463844	-0.42489353	-1.2502667	-3.5274346
chr7	5027899	5028899	dCas9_LTR2B_peak_327	-1.4283338	-1.536527	-1.5156814	-0.783239	0.31077138	-1.459007	-1.4510876	-1.3578885	-2.009856	-0.78460306	-0.94247234
chr7	5583374	5584374	dCas9_LTR2B_peak_328	-0.5703528	-1.536527	-1.7380738	-1.4206688	-0.092584305	-4.3658977	-1.8985466	-1.6989255	-2.135387	-0.94214433	-1.3575099
chr7	16368625	16369625	dCas9_LTR2B_peak_329	-0.4283338	-1.0770955	-1.0751089	-0.1311623	0.7861094	-2.1959727	-2.1880531	-2.1463845	-1.0712565	-0.9987279	-0.62054425
chr7	17382246	17383246	dCas9_LTR2B_peak_330	-2.1064057	-1.536527	-2.0011082	-2.0056314	-0.23942569	-0.36589766	-1.5506234	-1.2838879	-0.89437884	-1.0576216	-0.2795073
chr7	21372584	21373584	dCas9_LTR2B_peak_331	-1.4283338	-1.6296365	-1.4161458	0.3636024	0.5078082	-1.7809352	-3.357978	-1.435891	-1.5948185	-1.1831524	-0.8269951
chr7	24788878	24789878	dCas9_LTR2B_peak_332	-1.7278941	-1.6296365	-2.1531112	-0.1311623	-0.092584305	-0.9735802	-1.3579782	-2.7984612	-1.2025012	-0.7356935	-1.3575099
chr7	64803929	64804929	dCas9_LTR2B_peak_333	-0.1064057	-1.3666022	-2.0011082	0.16429359	1.2011468	-2.1959727	-3.357978	-1.2838879	-0.839931	-0.5133011	-1.5274348
chr7	66114717	66115717	dCas9_LTR2B_peak_334	2.3595688	2.9633188	3.6542437	-0.5031311	-0.8768556	2.540993	2.6643894	2.9019785	-1.7874637	-1.6425841	-1.7200798
chr7	66727171	66728171	dCas9_LTR2B_peak_335	-1.2584088	-1.3666022	-1.7380738	-2.0056314	-0.18879963	-2.0439696	-2.5506234	-1.082254	-2.135387	-1.4726591	-2.2055068
chr7	72208739	72209739	dCas9_LTR2B_peak_336	-1.5214431	-1.3666022	-1.7380738	-1.1311623	-1.13989	-1.906466	-1.8985466	-2.0208535	-2.5948186	-1.1190221	-0.8269951
chr7	74343287	74344287	dCas9_LTR2B_peak_337	-0.9047718	-0.9515646	-2.7380738	-2.0056314	0.47678134	-1.7809352	-2.03605	-0.85092854	-1.8943788	-1.3946565	-2.2055068
chr7	77304207	77305207	dCas9_LTR2B_peak_338	-1.9689021	-1.536527	-0.8636048	-0.06703196	0.16267274	-2.0439696	-1.5506234	-2.1463845	-1.0098561	-0.1831525	-1.0680032
chr7	77304517	77305517	dCas9_LTR2B_peak_339	-1.9689021	-0.892671	-0.93071896	-0.005631413	0.12314438	-1.665458	-1.7730157	-1.3578885	-1.3468909	-0.08799526	-1.5274348
chr7	87875886	87876886	dCas9_LTR2B_peak_340	2.031098	2.9831092	3.7295315	-1.7832389	-1.4618181	2.460651	2.1014533	2.7865014	-2.2728903	-1.9421444	-2.9424725
chr7	103296917	103297917	dCas9_LTR2B_peak_341	1.3398505	2.1000974	2.5473282	-1.0056314	-0.40292445	1.710918	2.025726	2.4816468	-1.6879278	-1.1831524	-1.3575099
chr7	125454527	125455527	dCas9_LTR2B_peak_342	-0.9047718	-1.0770955	-1.3230364	0.16429359	1.1430439	-0.8423357	-1.1100508	-1.3578885	-0.839931	-0.43313074	-1.3575099
chr7	127570479	127571479	dCas9_LTR2B_peak_343	-0.47413746	-1.4490643	-0.7994744	-0.783239	1.0617439	-1.3658977	-1.7730157	-1.9053763	-1.2728904	-0.1831525	-0.43997198
chr7	135073162	135074162	dCas9_LTR2B_peak_344	-0.9047718	-1.7291722	-1.8636047	-0.6837033	0.0825024	-1.1959727	-1.8985466	-1.1463844	-0.9509623	-0.78460306	-0.94247234
chr7	135171198	135172198	dCas9_LTR2B_peak_345	0.4045562	0.507867	0.7854881	-0.1311623	1.3107713	2.060367	2.6020236	2.8120365	-1.5948185	-0.94214433	-1.9424723
chr7	137962552	137963552	dCas9_LTR2B_peak_346	1.5828934	1.2316571	1.7854881	-0.6837033	0.37948415	-0.5585427	-0.40378198	-0.96195984	-0.3094163	-0.8876966	-1.0680032
chr7	150955351	150956351	dCas9_LTR2B_peak_347	2.5489461	3.4719014	4.105324	-1.4206688	-1.2394258	-2.1959727	-2.3579783	-1.6989255	-2.2728903	-1.6425841	-2.9424725
chr8	6697158	6698158	dCas9_LTR2B_peak_348	-1.6209788	-1.8360875	-1.5156814	-0.59059393	0.5078082	-0.6654579	-0.31358415	-1.2134986	-0.46553555	-0.21631935	-0.8269951
chr8	9555250	9556250	dCas9_LTR2B_peak_349	1.3530259	2.0855248	2.5035121	-1.0056314	-1.2394258	2.3552015	1.9818716	2.543931	-1.6879278	-1.2502667	-1.9424723
chr8	12541212	12542212	dCas9_LTR2B_peak_350	-0.47413746	-0.67854613	-0.27864227	-0.19827649	0.53818184	0.27795854	-0.40378198	-0.113962926	1.091682	1.0298412	0.22745267
chr8	24242359	24243359	dCas9_LTR2B_peak_351	-1.340871	-1.9515647	-3.0011082	-1.0056314	-0.46181813	-0.6654579	-1.5506234	-0.96195984	-0.73683757	-0.5133011	-0.62054425
chr8	42741094	42742094	dCas9_LTR2B_peak_352	-1.6209788	-1.536527	-1.0751089	-0.42066893	0.2386216	0.9195045	-0.9656608	0.227074	-0.3094163	-0.08799526	-0.35750985
chr8	52571061	52572061	dCas9_LTR2B_peak_353	-2.6209788	-1.9515647	-2.3230364	-1.4206688	-0.2918931	2.2923138	1.3834888	2.807812	-0.42489353	0.029841231	-0.8269951
chr8	55775618	55776618	dCas9_LTR2B_peak_354	-0.38393965	-1.0770955	-1.8636047	0.053262275	0.90741575	-0.19597267	0.1338748	-0.435891	0.16006896	0.21539688	-0.2795073
chr8	67824604	67825604	dCas9_LTR2B_peak_355	-2.2584088	-2.0770955	-2.0011082	-1.0056314	0.31077138	-0.5079167	-1.6575385	-0.747835	-0.3094163	0.21539688	0.37945578
chr8	88674731	88675731	dCas9_LTR2B_peak_356	-1.7278941	-1.9515647	-2.0011082	-1.2686658	-0.40292445	-0.45900708	-1.8985466	-1.6058159	0.019891309	0.08533634	-0.7200799
chr8	94440704	94441704	dCas9_LTR2B_peak_357	-0.5214432	-1.4490643	-1.6225966	-0.8901542	0.86011	0.27795854	-0.110050775	-0.28388792	-0.23726654	0.4866989	-0.13511741
chr8	106086618	106087618	dCas9_LTR2B_peak_358	-1.0360163	-1.8360875	-1.0751089	-0.8901542	-0.0023864962	-0.61101013	-1.0360502	-0.605816	-0.27289045	0.21539688	-0.20550673
chr8	106500020	106501020	dCas9_LTR2B_peak_359	-2.4283338	-1.9515647	-2.1531112	-0.26866582	-0.46181813	-1.0439696	-0.40378198	-1.2838879	-0.13538691	-0.05762161	-0.62054425
chr8	139178289	139179289	dCas9_LTR2B_peak_360	-1.9689021	-1.9515647	-2.7380738	-0.783239	0.37948415	-1.2784349	-1.0360502	-1.6989255	-0.040229686	0.2643065	-0.13511741
chr8	141713311	141714311	dCas9_LTR2B_peak_361	-3.1064057	-1.6296365	-1.7380738	-1.4206688	-2.4618182	-1.3658977	-1.4510876	-1.082254	-0.68792796	-0.6883878	-1.7200798
chr9	40938956	40939956	dCas9_LTR2B_peak_362	1.4785569	1.1358982	1.6769636	-0.42066893	-0.7248525	-0.6654579	-0.7141221	-0.5614219	-0.23726654	-0.027874269	0.057527665
chr9	41235859	41236859	dCas9_LTR2B_peak_363	-2.4283338	-3.5365272	-2.5156813	-1.2686658	-1.5873489	-1.665458	-4.357978	-1.9053763	-2.5948186	-1.4726591	-2.5274348
chr9	62800706	62801706	dCas9_LTR2B_peak_364	-0.6209789	-0.892671	-0.6791802	0.16429359	0.412651	3.3721945	2.6363752	3.6633105	0.019891309	0.9573287	-0.0038728793
chr9	63813877	63814877	dCas9_LTR2B_peak_365	-2.6209788	-2.7291722	-2.5156813	-1.7832389	-2.7248526	-1.5585427	-1.4510876	-0.51835316	-1.7874637	-0.8876966	-2.9424725
chr9	79008252	79009252	dCas9_LTR2B_peak_366	-2.6209788	-1.8360875	-4.323036	-2.5905938	-0.65446323	-1.3658977	-1.6575385	-1.9053763	-1.6879278	-1.2502667	-1.3575099
chr9	94300067	94301067	dCas9_LTR2B_peak_367	0.83845276	0.4407528	0.6542435	-1.2686658	0.412651	-0.9735802	-1.5506234	-2.2838879	-1.7874637	-0.8876966	-1.0680032
chr9	122536655	122537655	dCas9_LTR2B_peak_368	-1.340871	-1.7291722	-2.3230364	-0.3426664	-0.13989002	-2.7809353	-2.3579783	-1.6058159	-2.009856	-1.0576216	-2.2055068
chr9	122775480	122776480	dCas9_LTR2B_peak_369	-1.5214431	-2.0770955	-1.7380738	-1.7832389	0.53818184	-2.1959727	-2.5506234	-1.9053763	-1.3468909	-0.55512124	-1.2055067
chr9	129409876	129410876	dCas9_LTR2B_peak_370	-0.9689022	-0.44906428	-0.93071896	0.053262275	-0.79885316	-0.906466	-1.3579782	-0.85092854	-1.135387	-0.3946566	-0.8269951
chr9	130954724	130955724	dCas9_LTR2B_peak_371	1.1863761	0.95532596	0.8267107	1.4754952	1.412651	-1.459007	-1.3579782	-1.9053763	-1.5948185	-0.78460306	-0.94247234
chr9	130958274	130959274	dCas9_LTR2B_peak_372	0.74159116	1.0026317	0.4318511	1.4968688	1.379484	-2.3658977	-2.1880531	-2.605816	-1.8943788	-1.8352293	-1.2055067
chr9	133418060	133419060	dCas9_LTR2B_peak_373	1.5024035	0.6532974	1.4184306	-1.2686658	-0.18879963	1.4795923	1.3969092	1.6230026	-2.135387	-1.1190221	-2.2055068
chr9	137355000	137356000	dCas9_LTR2B_peak_374	-1.8433713	-1.1442097	-1.1531115	-1.1311623	-0.40292445	-1.1959727	-1.8985466	-0.90537626	-1.6879278	-0.21631935	-1.7200798
chr10	16198211	16199211	dCas9_LTR2B_peak_37	-2.2584088	-2.3666022	-3.3230364	-1.0056314	-0.3463409	-2.5585427	-1.7730157	-2.2838879	-0.9509623	-0.8876966	-0.35750985
chr10	23052758	23053758	dCas9_LTR2B_peak_38	1.6696982	0.37036347	0.2619261	-0.8901542	0.62564474	-1.1959727	-3.357978	-1.6058159	-1.4248935	-0.9987279	-1.0680032
chr10	29360113	29361113	dCas9_LTR2B_peak_39	-2.6209788	-1.4490643	-2.7380738	-0.8901542	0.5679292	-2.1959727	-2.5506234	-2.2838879	-0.9509623	-0.4726591	-1.9424723
chr10	30475968	30476968	dCas9_LTR2B_peak_40	-0.9047718	-1.214599	-2.3230364	-0.26866582	0.31077138	0.12595543	-1.8985466	-1.2134986	-1.8943788	-0.59819	-2.9424725
chr10	35126194	35127194	dCas9_LTR2B_peak_41	1.4045563	2.3643398	3.056342	-1.5905939	-1.2394258	2.1259553	1.5845362	2.1950839	-2.7874637	-2.642584	-2.9424725
chr10	42376917	42377917	dCas9_LTR2B_peak_42	-1.1064056	-1.7291722	-1.0751089	-0.1311623	0.34553683	-2.5585427	-3.357978	-1.7984611	-1.4248935	-0.43313074	-1.2055067
chr10	67158720	67159720	dCas9_LTR2B_peak_43	-1.1804063	-0.892671	-1.8636047	0.2673871	-0.23942569	-1.7809352	-2.1880531	-2.605816	-0.7874636	-0.59819	-1.0680032
chr10	68832993	68833993	dCas9_LTR2B_peak_44	-1.0360163	-2.3666022	-1.7380738	0.40940607	0.8112004	-1.7809352	-3.357978	-1.2134986	-1.5073557	-1.1190221	-1.7200798
chr10	69307868	69308868	dCas9_LTR2B_peak_45	0.3530259	-0.78163964	-0.93071896	0.8688377	0.5970756	-1.7809352	-1.7730157	-0.96195984	-1.3468909	-0.83522916	-0.8269951
chr10	72758696	72759696	dCas9_LTR2B_peak_46	-0.8433713	-1.0129652	-0.7994744	-0.59059393	0.53818184	-1.1959727	-1.6575385	-0.7984611	-2.4248934	-0.94214433	-0.5274348
chr10	77682860	77683860	dCas9_LTR2B_peak_47	-1.7278941	-1.1442097	-1.7380738	-0.8901542	0.37948415	-1.1959727	-2.03605	-1.7984611	-2.2728903	-0.7356935	-0.94247234
chr10	84162835	84163835	dCas9_LTR2B_peak_48	-1.2584088	-1.8360875	-2.0011082	-0.783239	-0.23942569	-1.1179701	-2.1880531	-1.435891	-0.9509623	-0.78460306	-0.62054425
chr10	84166778	84167778	dCas9_LTR2B_peak_49	-1.8433713	-1.8360875	-1.7380738	-1.0056314	0.412651	-0.9735802	-2.03605	-0.96195984	-1.3468909	-1.1831524	-1.7200798
chr10	84171582	84172582	dCas9_LTR2B_peak_50	-1.4283338	-1.4490643	-1.8636047	-1.2686658	0.16267274	0.38898984	-0.110050775	0.7865014	-1.5948185	-0.59819	-2.5274348
chr10	95374274	95375274	dCas9_LTR2B_peak_51	-1.7278941	-1.6296365	-1.2355735	-2.5905938	-0.79885316	-1.1179701	-1.4510876	-2.0208535	-0.89437884	-1.320656	-1.5274348
chr10	96831547	96832547	dCas9_LTR2B_peak_52	1.3398505	1.4858407	2.335175	-3.5905938	-3.0467806	2.060367	1.4364376	2.0308087	-2.135387	-2.320656	-2.2055068
chr10	97554978	97555978	dCas9_LTR2B_peak_53	-3.4283338	-1.7291722	-2.5156813	-2.0056314	-0.3463409	-1.665458	-1.2705154	-1.2838879	-1.6879278	-0.6425841	-2.5274348
chr10	97555289	97556289	dCas9_LTR2B_peak_54	-2.4283338	-1.9515647	-2.7380738	-2.0056314	-0.46181813	-1.7809352	-1.4510876	-1.2134986	-1.6879278	-0.9987279	-2.2055068
chr10	97560907	97561907	dCas9_LTR2B_peak_55	-2.4283338	-1.7291722	-3.7380738	-0.5031311	-0.2918931	-1.7809352	-1.5506234	-2.2838879	-1.2728904	-0.05762161	-1.7200798
chr10	98132896	98133896	dCas9_LTR2B_peak_56	-1.5214431	-1.214599	-1.7380738	0.3636024	0.412651	-0.2784348	-1.1100508	-1.082254	-1.4248935	-0.59819	-0.94247234
chr10	98670386	98671386	dCas9_LTR2B_peak_57	-2.6209788	-2.2145991	-1.7380738	-1.5905939	-0.52321863	-2.5585427	-2.03605	-2.0208535	-1.5948185	-1.320656	-1.5274348
chr10	103250488	103251488	dCas9_LTR2B_peak_58	-2.1064057	-2.0770955	-2.3230364	-2.5905938	-2.7248526	-1.7809352	-3.357978	-2.1463845	-1.7874637	-1.1831524	-1.9424723
chr11	277849	278849	dCas9_LTR2B_peak_59	0.83845276	-1.6296365	-1.6225966	-0.42066893	-0.092584305	-0.32150355	-2.3579783	-1.3578885	-2.135387	-0.6425841	-1.0680032
chr11	1610030	1611030	dCas9_LTR2B_peak_60	-2.2584088	-1.3666022	-1.8636047	-0.6837033	-0.65446323	-1.665458	-2.5506234	-1.5183531	-1.0098561	-0.7356935	-1.9424723
chr11	3644114	3645114	dCas9_LTR2B_peak_61	-0.21888043	-2.3666022	-1.0011083	-1.4206688	-0.18879963	-0.906466	-2.03605	-1.3578885	-1.8943788	-1.0576216	-0.94247234
chr11	17085574	17086574	dCas9_LTR2B_peak_62	-1.5214431	-1.1442097	-1.3230364	-1.0056314	0.20114689	-0.906466	-0.83441633	-0.3578885	-1.4248935	-1.1831524	-1.0680032
chr11	46318339	46319339	dCas9_LTR2B_peak_63	0.8195937	0.76725364	1.3063202	-1.7832389	-0.40292445	2.3552015	2.025726	2.5938563	-1.5948185	-1.8352293	-2.2055068
chr11	60108153	60109153	dCas9_LTR2B_peak_64	-1.2584088	-1.8360875	-2.0011082	-1.5905939	0.412651	-0.9735802	-2.03605	-0.96195984	-1.5948185	-0.25026667	-1.3575099
chr11	62286104	62287104	dCas9_LTR2B_peak_65	-1.2584088	-1.8360875	-1.4161458	-0.6837033	0.5970756	-2.0439696	-2.03605	-1.435891	-0.89437884	-0.43313074	-0.94247234
chr11	62325588	62326588	dCas9_LTR2B_peak_66	-1.7278941	-1.3666022	-2.1531112	-1.2686658	0.040682223	-1.5585427	-2.1880531	-0.90537626	-1.2728904	-0.8876966	-1.0680032
chr11	62855540	62856540	dCas9_LTR2B_peak_67	2.319859	2.7395973	3.284294	-1.1311623	-0.95931774	2.6620083	2.6973042	2.8162487	-2.4248934	-1.6425841	-2.5274348
chr11	65260422	65261422	dCas9_LTR2B_peak_68	0.18637605	-0.21459904	-0.19375338	-0.26866582	0.412651	0.1886912	-0.40378198	0.14907147	-1.6879278	-0.78460306	-1.2055067
chr11	73270900	73271900	dCas9_LTR2B_peak_69	-1.6209788	-2.0770955	-1.6225966	-2.2686658	-0.2918931	0.41546205	0.44937664	1.0946237	-1.7874637	-1.1831524	-1.2055067
chr11	73952959	73953959	dCas9_LTR2B_peak_70	-1.1064056	-1.536527	-1.7380738	-0.6837033	0.47678134	-1.1959727	-0.89854664	-0.96195984	-1.2728904	-0.83522916	-1.0680032
chr11	75049020	75050020	dCas9_LTR2B_peak_71	-1.0360163	-1.7291722	-1.2355735	-1.1311623	0.7345791	-1.3658977	-2.03605	-1.5183531	-0.73683757	-0.6425841	-0.62054425
chr11	76901164	76902164	dCas9_LTR2B_peak_72	-0.25840878	-1.0129652	-1.7380738	-1.1311623	0.5679292	-0.6654579	-0.89854664	0.39418396	-1.0712565	-1.3946565	-0.7200799
chr11	80653854	80654854	dCas9_LTR2B_peak_73	-2.8433714	-1.4490643	-2.5156813	-1.5905939	-0.23942569	-2.7809353	-3.0360503	-3.2838879	-1.5948185	-0.83522916	-1.2055067
chr11	90422495	90423495	dCas9_LTR2B_peak_74	-2.4283338	-2.3666022	-1.8636047	-1.5905939	-0.092584305	-0.5079167	-0.83441633	-0.08225407	-2.2728903	-0.6883878	-1.3575099
chr11	91481268	91482268	dCas9_LTR2B_peak_75	-1.9689021	-1.7291722	-3.0011082	-0.783239	-0.2918931	-2.7809353	-4.357978	-1.3578885	-1.0098561	-0.94214433	-1.0680032
chr11	105486499	105487499	dCas9_LTR2B_peak_76	-1.8433713	-1.536527	-1.5156814	-2.2686658	0.0825024	-2.0439696	-0.9656608	-2.1463845	-1.6879278	-0.7356935	-1.2055067
chr11	108664315	108665315	dCas9_LTR2B_peak_77	1.1566287	0.8210249	1.1526971	-1.2686658	0.7081069	1.3206028	0.52466476	0.90197855	-2.4248934	-1.3946565	-1.5274348
chr11	111764244	111765244	dCas9_LTR2B_peak_78	-0.18040627	-0.78163964	-0.6791802	-0.42066893	1.3282589	-0.9735802	-1.1880534	-0.747835	-2.2728903	-0.7356935	-0.43997198
chr12	9712542	9713542	dCas9_LTR2B_peak_79	-2.1064057	-2.0770955	-2.7380738	-1.7832389	0.0825024	-1.0439696	-1.7730157	-1.6989255	-0.68792796	-0.94214433	-1.2055067
chr12	25250586	25251586	dCas9_LTR2B_peak_80	0.3530259	1.6922916	2.0948162	-2.0056314	-2.4618182	1.3065277	0.2269842	0.734034	-2.7874637	-2.8352292	-1.3575099
chr12	66169306	66170306	dCas9_LTR2B_peak_81	1.9553705	3.0928295	3.6599572	-2.5905938	-2.4618182	3.4733062	3.5031087	3.7451231	-2.4248934	-3.320656	-2.5274348
chr12	72817894	72818894	dCas9_LTR2B_peak_82	-1.8433713	-2.2145991	-2.0011082	-0.42066893	-0.46181813	-2.3658977	-1.7730157	-2.4358912	-1.2025012	-0.6425841	-0.94247234
chr12	72823798	72824798	dCas9_LTR2B_peak_83	-2.8433714	-2.2145991	-2.1531112	-1.2686658	-0.587349	-2.5585427	-3.357978	-1.5183531	-2.135387	-0.6883878	-1.5274348
chr12	73876952	73877952	dCas9_LTR2B_peak_84	-1.8433713	-3.5365272	-2.7380738	-2.0056314	0.16267274	-3.3658977	-1.5506234	-3.6058161	-1.6879278	-1.4726591	-2.2055068
chr12	95388115	95389115	dCas9_LTR2B_peak_85	-0.72789407	-1.8360875	-1.8636047	-0.59059393	-0.092584305	-1.665458	-2.7730157	-1.9053763	-2.5948186	-0.78460306	-2.2055068
chr12	95560778	95561778	dCas9_LTR2B_peak_86	-0.9689022	-1.6296365	-2.0011082	-1.1311623	-0.18879963	-1.906466	-2.7730157	-1.435891	-1.7874637	-1.4726591	-1.5274348
chr12	110049566	110050566	dCas9_LTR2B_peak_87	-0.72789407	-1.1442097	-0.93071896	-3.5905938	0.5970756	0.97395235	-1.0360502	-0.05122717	-1.3468909	-0.9987279	-1.0680032
chr12	118707642	118708642	dCas9_LTR2B_peak_88	-2.1064057	-1.9515647	-2.3230364	-1.1311623	-2.0467806	-2.5585427	-2.7730157	-2.0208535	-2.135387	-1.1831524	-2.2055068
chr12	128004109	128005109	dCas9_LTR2B_peak_89	-2.4283338	-1.9515647	-2.7380738	-1.7832389	-0.95931774	-0.9735802	-2.1880531	-3.0208535	-1.5073557	-1.2502667	-2.2055068
chr12	131395204	131396204	dCas9_LTR2B_peak_90	-1.9689021	-2.0770955	-1.7380738	-2.5905938	-1.13989	-1.906466	-2.03605	-3.2838879	-1.7874637	-1.7356935	-1.9424723
chr12	132463082	132464082	dCas9_LTR2B_peak_91	-0.47413746	-1.1442097	-2.0011082	-1.0056314	-1.13989	-1.1959727	-0.89854664	-2.0208535	-1.2728904	-0.6883878	-0.94247234
chr12	132463820	132464820	dCas9_LTR2B_peak_92	-1.0360163	-0.8360874	-2.1531112	-1.0056314	-1.3463409	-1.906466	-1.1880534	-2.0208535	-0.7874636	-0.43313074	-0.62054425
chr13	22880167	22881167	dCas9_LTR2B_peak_93	-1.7278941	-2.0770955	-2.1531112	-2.0056314	-1.2394258	-1.7809352	-1.3579782	-1.6058159	-0.839931	-0.3946566	-2.2055068
chr13	22889275	22890275	dCas9_LTR2B_peak_94	-2.1064057	-2.3666022	-2.3230364	-0.783239	-0.18879963	-1.3658977	-1.7730157	-1.7984611	-1.135387	-0.43313074	-0.5274348
chr13	31609681	31610681	dCas9_LTR2B_peak_95	-1.9689021	-3.214599	-2.7380738	-1.7832389	-0.95931774	-1.906466	-1.8985466	-1.2838879	-0.7874636	-0.6883878	-1.5274348
chr13	45870771	45871771	dCas9_LTR2B_peak_96	-2.4283338	-2.3666022	-1.6225966	-2.0056314	-0.18879963	-1.459007	-4.357978	-2.2838879	-0.89437884	-0.7356935	-1.7200798
chr13	48591063	48592063	dCas9_LTR2B_peak_97	-1.9689021	-2.0770955	-3.0011082	-0.8901542	-0.3463409	-0.5585427	-0.83441633	-1.6058159	-1.2728904	-1.1831524	-2.5274348
chr13	90707921	90708921	dCas9_LTR2B_peak_98	0.27210593	0.018061714	-0.27864227	1.4538001	1.5679291	-2.3658977	-2.1880531	-1.7984611	-0.89437884	-1.2502667	-0.8269951
chr13	94549339	94550339	dCas9_LTR2B_peak_99	0.5258625	0.5719973	1.2161224	-4.742597	-3.0467806	0.49208334	0.06828647	-0.21349859	-1.6879278	-1.7356935	-1.5274348
chr13	102439815	102440815	dCas9_LTR2B_peak_100	-2.4283338	-1.9515647	-2.7380738	-2.5905938	0.0825024	-1.7809352	-5.357978	-1.6989255	-1.2728904	-0.7356935	-0.2795073
chr13	107910603	107911603	dCas9_LTR2B_peak_101	2.2581668	0.69229156	0.45832333	1.1098459	2.3369236	-1.3658977	-1.7730157	-3.2838879	-1.135387	-1.2502667	-1.5274348
chr14	20342641	20343641	dCas9_LTR2B_peak_102	1.1566287	1.507867	2.1281748	-2.0056314	-2.2394257	1.5167454	2.0170612	2.2207325	-4.0098557	-2.472659	-2.9424725
chr14	22174900	22175900	dCas9_LTR2B_peak_103	-2.4283338	-1.8360875	-2.0011082	-2.2686658	-0.46181813	-1.3658977	-1.2705154	-1.6058159	-1.2728904	-1.3946565	-1.0680032
chr14	65457144	65458144	dCas9_LTR2B_peak_104	-2.4283338	-2.9515646	-2.5156813	-0.5031311	-0.18879963	-1.459007	-2.03605	-2.2838879	-0.73683757	-1.0576216	-1.9424723
chr14	65956458	65957458	dCas9_LTR2B_peak_105	-2.1064057	-3.5365272	-2.5156813	-1.4206688	-0.95931774	-1.1179701	-1.2705154	-1.435891	-1.3468909	-1.0576216	-0.94247234
chr14	91292990	91293990	dCas9_LTR2B_peak_106	-1.9689021	-1.6296365	-1.7380738	-2.5905938	-2.2394257	-0.61101013	-0.9656608	-1.6989255	-2.4248934	-1.5551213	-1.5274348
chr14	93165004	93166004	dCas9_LTR2B_peak_107	-2.8433714	-1.6296365	-1.6225966	-2.5905938	-0.65446323	0.44145727	-1.1100508	-0.7984611	-1.135387	-0.28503212	-0.8269951
chr14	95956909	95957909	dCas9_LTR2B_peak_108	-1.340871	-2.3666022	-3.3230364	-1.5905939	-0.95931774	-2.5585427	-2.3579783	-2.2838879	-1.135387	-0.78460306	-1.0680032
chr14	96012732	96013732	dCas9_LTR2B_peak_109	-1.8433713	-2.7291722	-2.7380738	-1.2686658	-0.79885316	-3.3658977	-2.1880531	-2.605816	-1.135387	-1.2502667	-0.5274348
chr14	102055934	102056934	dCas9_LTR2B_peak_110	-1.5214431	-2.2145991	-2.1531112	-2.2686658	-0.046780612	-1.3658977	-3.773016	-1.6058159	-1.8943788	-0.78460306	-1.7200798
chr15	29271220	29272220	dCas9_LTR2B_peak_111	-1.8433713	-2.3666022	-1.6225966	-1.5905939	0.040682223	-0.9735802	-0.03605019	-1.2134986	-1.0098561	-1.1831524	-0.94247234
chr15	32505791	32506791	dCas9_LTR2B_peak_112	-2.8433714	-2.9515646	-5.323036	-3.0056314	-1.2394258	-3.0439694	-3.773016	-3.2838879	-2.7874637	-2.8352292	-2.9424725
chr15	34812814	34813814	dCas9_LTR2B_peak_113	-0.9047718	-0.67854613	-0.8636048	-0.8901542	0.6811398	-2.3658977	-2.3579783	-1.2838879	-1.0712565	-1.0576216	-1.7200798
chr15	40234574	40235574	dCas9_LTR2B_peak_114	-1.0360163	-1.214599	-1.4161458	-1.2686658	-0.40292445	0.46699235	-0.22869526	-0.3204138	-1.135387	-0.7356935	-0.94247234
chr15	66464828	66465828	dCas9_LTR2B_peak_115	-0.9689022	-1.6296365	-0.8636048	-0.06703196	0.34553683	0.15766428	-0.77301574	-0.248264	-1.4248935	-0.32065603	-0.7200799
chr15	67839679	67840679	dCas9_LTR2B_peak_116	2.2581668	4.8099866	5.5457864	-3.0056314	-0.587349	2.6784966	3.6726887	2.5691097	-3.009856	-1.7356935	-2.2055068
chr15	73785070	73786070	dCas9_LTR2B_peak_117	-2.8433714	-1.4490643	-2.5156813	-1.4206688	-0.65446323	-2.7809353	-2.3579783	-2.1463845	-1.5948185	-1.1190221	-2.5274348
chr15	74845773	74846773	dCas9_LTR2B_peak_118	-1.340871	-1.6296365	-2.7380738	-2.0056314	0.2386216	-1.459007	-1.7730157	-0.90537626	-1.7874637	-2.1831524	-1.0680032
chr15	75218785	75219785	dCas9_LTR2B_peak_119	-1.7278941	-1.9515647	-2.1531112	-1.2686658	0.2386216	-0.19597267	-1.3579782	-0.113962926	-1.2728904	-0.8876966	-1.7200798
chr15	87481884	87482884	dCas9_LTR2B_peak_120	-2.8433714	-2.0770955	-2.1531112	-1.2686658	0.20114689	-2.5585427	-1.1880534	-2.7984612	-0.68792796	-1.0576216	-0.7200799
chr15	88621978	88622978	dCas9_LTR2B_peak_121	1.2010227	-0.32707375	-0.1531114	-1.1311623	1.0406822	1.4920833	1.5246648	1.716112	-1.5073557	-0.8876966	-1.7200798
chr16	1024871	1025871	dCas9_LTR2B_peak_122	-2.4283338	-1.9515647	-1.3230364	-0.783239	-2.2394257	-1.459007	-2.3579783	-1.082254	-1.2728904	-0.8876966	-3.5274346
chr16	5213950	5214950	dCas9_LTR2B_peak_123	-2.4283338	-1.7291722	-2.0011082	-1.4206688	-0.046780612	-3.0439694	-2.5506234	-2.7984612	-1.5073557	-0.9987279	-0.7200799
chr16	14662396	14663396	dCas9_LTR2B_peak_124	-0.9689022	-1.3666022	-2.1531112	-0.8901542	0.412651	-1.5585427	-1.7730157	-2.2838879	-2.7874637	-0.94214433	-0.94247234
chr16	19906755	19907755	dCas9_LTR2B_peak_125	-1.0360163	-1.8360875	-1.8636047	-0.5031311	-0.046780612	-2.0439696	-1.5506234	-0.90537626	-1.7874637	-0.6883878	-1.0680032
chr16	28950089	28951089	dCas9_LTR2B_peak_126	0.8935943	1.4634727	1.876636	-3.0056314	-1.0467806	1.6341022	1.3424613	1.5938562	-2.4248934	-2.1831524	-2.9424725
chr16	29707318	29708318	dCas9_LTR2B_peak_127	-0.9689022	-1.6296365	-1.7380738	-2.0056314	0.95321935	-1.665458	-2.03605	-1.3578885	-2.009856	-0.32065603	-0.2795073
chr16	30452546	30453546	dCas9_LTR2B_peak_128	0.09522816	-1.6296365	-1.6225966	-2.2686658	0.5078082	2.0349817	0.42338142	0.60363734	-2.2728903	-0.94214433	-1.3575099
chr16	30540679	30541679	dCas9_LTR2B_peak_129	0.3530259	-1.8360875	-1.0011083	-2.0056314	0.0825024	-1.665458	-1.1100508	-1.2838879	-1.5073557	-1.4726591	-0.7200799
chr16	30559153	30560153	dCas9_LTR2B_peak_130	0.6801906	-1.1442097	-0.6791802	-1.2686658	0.9304993	0.3620228	-0.03605019	0.03804017	-1.2025012	-0.6425841	-0.7200799
chr16	30658487	30659487	dCas9_LTR2B_peak_131	1.8384527	2.9752254	3.690984	-2.5905938	-1.0467806	2.8867676	2.7241707	3.101543	-5.5948186	-2.8352292	-2.2055068
chr16	50707339	50708339	dCas9_LTR2B_peak_132	-0.9689022	-1.536527	-2.3230364	-0.8901542	-0.3463409	0.21906483	-0.03605019	-0.476533	-0.68792796	-1.7356935	-1.2055067
chr16	88192557	88193557	dCas9_LTR2B_peak_133	-1.5214431	-1.6296365	-2.1531112	-1.7832389	-2.2394257	-1.5585427	-1.7730157	-3.2838879	-1.8943788	-1.1190221	-1.0680032
chr16	88526484	88527484	dCas9_LTR2B_peak_134	1.2155224	-0.6296365	0.23155245	-1.4206688	0.5970756	-1.459007	-3.0360503	-1.3578885	-1.8943788	-2.472659	-1.5274348
chr17	28893492	28894492	dCas9_LTR2B_peak_135	-0.03601637	-0.21459904	-0.8636048	0.053262275	1.2011468	2.180997	1.1177552	2.3366985	-2.5948186	-0.78460306	-1.2055067
chr17	40498853	40499853	dCas9_LTR2B_peak_136	-0.47413746	-1.4490643	-2.1531112	-2.5905938	0.20114689	-3.0439694	-2.5506234	-1.5183531	-1.5948185	-0.94214433	-1.5274348
chr17	41694487	41695487	dCas9_LTR2B_peak_137	0.18637605	-1.536527	-1.0751089	-1.7832389	-0.0023864962	-0.41170135	-0.83441633	-2.1463845	-1.2728904	-0.78460306	-0.94247234
chr17	44186275	44187275	dCas9_LTR2B_peak_138	1.8004848	2.4634728	3.2044406	-2.0056314	-2.7248526	2.622787	2.6699276	3.1118603	-2.135387	-2.0576215	-2.9424725
chr17	50419620	50420620	dCas9_LTR2B_peak_139	-1.0360163	-0.67854613	-0.6225967	-0.06703196	0.37948415	0.5882986	0.77130467	0.3714639	-1.0098561	-1.7356935	-2.5274348
chr17	81248913	81249913	dCas9_LTR2B_peak_140	-0.9047718	-0.6296365	-0.6791802	-0.6837033	-0.587349	-0.7809351	-0.89854664	-0.21349859	-1.6879278	-1.320656	-0.35750985
chr17	81530864	81531864	dCas9_LTR2B_peak_141	-2.1064057	-1.2885996	-1.7380738	-1.2686658	-1.4618181	-1.3658977	-1.6575385	-1.6058159	-2.009856	-0.6883878	-1.9424723
chr17	83102965	83103965	dCas9_LTR2B_peak_142	-0.6734463	0.5509357	0.48431852	-0.8901542	-0.52321863	-0.5585427	-0.31358415	-1.2134986	-2.7874637	-3.0576217	-4.527435
chr18	1002778	1003778	dCas9_LTR2B_peak_143	-0.18040627	0.69229156	1.2005255	-0.5031311	0.7345791	-1.906466	-3.773016	-2.605816	-2.2728903	-1.1190221	-1.5274348
chr18	7736083	7737083	dCas9_LTR2B_peak_144	-1.8433713	-1.4490643	-1.8636047	-1.1311623	0.412651	-2.7809353	-1.7730157	-1.9053763	-1.0712565	-0.6883878	-1.7200798
chr18	8913476	8914476	dCas9_LTR2B_peak_145	2.7264843	-1.3666022	-1.5156814	-0.3426664	0.7605743	-2.3658977	-4.357978	-1.6058159	-1.4248935	-0.32065603	-1.3575099
chr18	12552328	12553328	dCas9_LTR2B_peak_146	-2.1064057	-1.9515647	-1.8636047	-0.5031311	0.5970756	-1.665458	-1.6575385	-3.2838879	-1.8943788	-0.59819	-2.2055068
chr18	23964758	23965758	dCas9_LTR2B_peak_147	-1.9689021	-1.8360875	-2.3230364	-1.7832389	0.0825024	-0.8423357	-1.4510876	-0.747835	-1.2025012	-0.78460306	-0.43997198
chr18	71471866	71472866	dCas9_LTR2B_peak_148	-1.8433713	-2.3666022	-3.3230364	-2.5905938	-1.2394258	-1.5585427	-2.3579783	-1.6058159	-1.135387	-1.1190221	-0.94247234
chr18	74500264	74501264	dCas9_LTR2B_peak_149	-0.5214432	-1.7291722	-3.0011082	-3.0056314	-0.0023864962	0.27795854	0.6420217	0.6230027	-1.4248935	-0.21631935	-0.2795073
chr18	80006724	80007724	dCas9_LTR2B_peak_150	-1.7278941	-3.214599	-3.7380738	-1.4206688	-0.8768556	-2.1959727	-1.7730157	-3.2838879	-1.2728904	-0.8876966	-1.2055067
chr19	3331995	3332995	dCas9_LTR2B_peak_151	-1.6209788	-2.3666022	-2.7380738	-1.4206688	-0.587349	-0.61101013	-1.7730157	-2.0208535	-1.3468909	-1.3946565	-1.3575099
chr19	4529448	4530448	dCas9_LTR2B_peak_152	-1.340871	-1.7291722	-3.0011082	-2.2686658	-0.3463409	-1.1179701	-2.03605	-0.7984611	-1.8943788	-1.4726591	-2.2055068
chr19	9730049	9731049	dCas9_LTR2B_peak_153	-1.7278941	-1.9515647	-2.0011082	-1.4206688	-0.2918931	-1.1959727	-2.03605	-1.6989255	-1.2728904	-0.6883878	-1.2055067
chr19	13155269	13156269	dCas9_LTR2B_peak_154	1.3660821	1.4634727	2.3135881	-2.2686658	-1.7248526	1.622787	1.4102061	1.3599683	-2.009856	-1.4726591	-1.9424723
chr19	14812114	14813114	dCas9_LTR2B_peak_155	-1.340871	-1.6296365	-1.8636047	-1.4206688	-0.23942569	-1.7809352	-1.8985466	-1.6989255	-1.135387	-0.7356935	-1.2055067
chr19	20161268	20162268	dCas9_LTR2B_peak_156	-1.340871	-1.2885996	-2.1531112	-0.783239	0.20114689	-2.1959727	-2.3579783	-1.6058159	-0.89437884	-0.83522916	-0.2795073
chr19	34999729	35000729	dCas9_LTR2B_peak_157	1.171579	2.2116659	3.0256917	-2.5905938	-1.8768556	1.9378831	1.5489124	1.8288122	-2.7874637	-2.8352292	-2.2055068
chr19	39186914	39187914	dCas9_LTR2B_peak_158	-1.2584088	-1.7291722	-1.0011083	-1.2686658	-0.95931774	-1.2784349	-1.2705154	-1.3578885	-1.4248935	-1.7356935	-1.5274348
chr19	44913739	44914739	dCas9_LTR2B_peak_159	2.149095	-0.6296365	-0.3688401	-2.2686658	1.4923782	2.504467	1.1014533	1.9487729	-1.2728904	-0.83522916	-0.7200799
chr19	46912997	46913997	dCas9_LTR2B_peak_160	0.9467057	1.2049398	1.4048841	-1.5905939	-0.46181813	-0.2784348	-0.40378198	-0.7984611	-0.6406222	-1.4726591	-0.43997198
chr19	52694227	52695227	dCas9_LTR2B_peak_161	-1.0360163	-1.2885996	-2.7380738	-0.005631413	-0.23942569	-2.0439696	-1.1880534	-0.747835	-0.6406222	-0.35718188	-0.8269951
chr19	52735150	52736150	dCas9_LTR2B_peak_162	0.3265537	-1.9515647	-2.7380738	-0.005631413	0.0825024	0.24881218	-0.40378198	0.14907147	-0.6406222	-0.4726591	-1.2055067
chr19	52898131	52899131	dCas9_LTR2B_peak_163	-0.5703528	-2.3666022	-2.7380738	0.5386891	-0.40292445	-1.7809352	-2.03605	-1.6058159	-1.135387	-0.4726591	-0.7200799
chr19	52903943	52904943	dCas9_LTR2B_peak_164	-1.2584088	-2.0770955	-2.0011082	-0.26866582	-0.8768556	-1.1959727	-2.7730157	-1.7984611	-1.0712565	-0.15073101	-1.3575099
chr19	52923507	52924507	dCas9_LTR2B_peak_165	1.2440915	-1.2885996	-2.3230364	-2.2686658	0.040682223	1.9560304	-0.03605019	1.6609704	-1.5948185	-0.5133011	-1.0680032
chr19	52935933	52936933	dCas9_LTR2B_peak_166	1.9979309	0.507867	0.45832333	-1.0056314	-0.18879963	1.9195045	0.2269842	0.227074	-1.135387	-0.21631935	-1.2055067
chr19	54958306	54959306	dCas9_LTR2B_peak_167	-0.7844776	-2.0770955	-2.1531112	-1.7832389	0.7605743	0.30652767	-1.1100508	-0.5614219	-1.6879278	0.16477081	-0.8269951
chr19	56234306	56235306	dCas9_LTR2B_peak_168	-1.9689021	-3.5365272	-2.3230364	-1.1311623	-0.40292445	-1.7809352	-0.77301574	-2.2838879	-0.9509623	-1.0576216	-1.5274348
chr19	57767998	57768998	dCas9_LTR2B_peak_169	-1.7278941	-1.7291722	-2.7380738	-0.19827649	0.0825024	-1.5585427	-0.77301574	-1.1463844	-1.5948185	-0.43313074	-1.5274348
chr20	8842107	8843107	dCas9_LTR2B_peak_189	-2.8433714	-1.7291722	-2.7380738	-0.8901542	-1.13989	-1.7809352	-1.6575385	-2.7984612	-0.839931	-0.7356935	-0.94247234
chr20	11707972	11708972	dCas9_LTR2B_peak_190	-1.9689021	-3.9515646	-2.5156813	-1.7832389	-1.7248526	-0.9735802	-1.2705154	-1.6058159	-1.4248935	-0.1831525	-1.5274348
chr20	15985282	15986282	dCas9_LTR2B_peak_191	-4.4283338	-3.214599	-2.7380738	-1.5905939	-0.65446323	-0.9735802	-1.1880534	-0.96195984	-1.135387	-0.28503212	-1.0680032
chr20	23348323	23349323	dCas9_LTR2B_peak_192	-0.4283338	-1.0129652	-1.6225966	-1.0056314	0.27514747	-0.19597267	-0.07257607	-0.7984611	-1.0712565	-1.1190221	-0.7200799
chr20	29874542	29875542	dCas9_LTR2B_peak_193	-0.6209789	-1.214599	-1.0751089	-0.19827649	0.412651	-1.0439696	-2.3579783	-0.96195984	-0.59481853	0.1387756	-0.8269951
chr20	29874769	29875769	dCas9_LTR2B_peak_194	-0.34087095	-0.8360874	-0.7994744	0.216761	0.7605743	-0.9735802	-2.5506234	-1.3578885	-0.5504244	0.24005893	-0.62054425
chr20	30814624	30815624	dCas9_LTR2B_peak_195	-0.25840878	-0.492133	-0.8636048	0.16429359	0.37948415	-0.7809351	-0.9656608	-0.248264	-0.27289045	0.56686926	-0.5274348
chr20	30814904	30815904	dCas9_LTR2B_peak_196	-0.4283338	-0.44906428	-1.0011083	0.16429359	0.34553683	-0.7809351	-1.1100508	-0.248264	-0.102965444	0.5273409	-0.35750985
chr20	41690999	41691999	dCas9_LTR2B_peak_197	0.6160603	-0.9515646	-0.8636048	-0.5031311	0.20114689	-1.7809352	-2.7730157	-1.5183531	-1.4248935	-1.1190221	-1.2055067
chr20	50673060	50674060	dCas9_LTR2B_peak_198	1.0146097	1.3089628	1.8267108	-0.8901542	-1.7248526	-1.1179701	-2.3579783	-1.7984611	-2.135387	-1.320656	-1.9424723
chr20	51261087	51262087	dCas9_LTR2B_peak_199	-2.2584088	-1.8360875	-2.0011082	-1.7832389	-0.13989002	-2.0439696	-1.5506234	-2.7984612	-0.5073557	-0.5133011	-1.0680032
chr20	54983369	54984369	dCas9_LTR2B_peak_200	-3.1064057	-1.9515647	-2.7380738	-2.2686658	0.12314438	-1.1179701	-1.3579782	-2.7984612	-1.4248935	-0.7356935	-1.7200798
chr21	9637151	9638151	dCas9_LTR2B_peak_201	-2.1064057	-3.5365272	-2.3230364	-2.2686658	-2.2394257	-4.3658977	-3.773016	-5.757819	-3.009856	-1.7356935	-1.5274348
chr21	15738488	15739488	dCas9_LTR2B_peak_202	-0.03601637	-0.53652716	-1.6225966	-0.5031311	0.7605743	-1.0439696	-2.3579783	-1.3578885	-1.0712565	-1.1831524	-1.5274348
chr21	20270765	20271765	dCas9_LTR2B_peak_203	-0.18040627	-2.5365272	-1.6225966	-0.3426664	0.47678134	-1.1959727	-2.5506234	-1.2838879	-1.2728904	-0.4726591	-0.7200799
chr21	22197411	22198411	dCas9_LTR2B_peak_204	-1.340871	-1.3666022	-1.0751089	-0.8901542	0.86011	-2.1959727	-1.4510876	-1.7984611	-0.89437884	-1.7356935	-0.94247234
chr21	32659258	32660258	dCas9_LTR2B_peak_205	-1.1804063	-1.6296365	-1.4161458	-0.3426664	0.20114689	-1.1959727	-0.89854664	-1.082254	-1.6879278	-0.83522916	-1.3575099
chr21	34072747	34073747	dCas9_LTR2B_peak_206	0.3265537	1.8897376	2.3280153	-2.2686658	-2.0467806	0.5882986	-0.14852491	1.1084294	-2.009856	-2.642584	-2.9424725
chr21	42931815	42932815	dCas9_LTR2B_peak_207	0.18637605	-1.536527	-1.8636047	-0.42066893	-0.23942569	-0.61101013	-1.4510876	-0.3204138	-1.5073557	-1.8352293	-2.5274348
chr21	42936965	42937965	dCas9_LTR2B_peak_208	0.24409156	-2.3666022	-1.6225966	-1.4206688	0.0825024	-0.45900708	-1.7730157	-1.0208535	-1.8943788	-1.1190221	-1.5274348
chr21	43262218	43263218	dCas9_LTR2B_peak_209	-0.5214432	-0.492133	-1.0751089	-0.06703196	-0.3463409	-1.665458	-1.7730157	-1.0208535	-1.4248935	-0.6883878	-0.5274348
chr21	46090529	46091529	dCas9_LTR2B_peak_210	-1.6209788	-1.9515647	-2.0011082	-1.0056314	-2.7248526	-1.665458	-2.7730157	-4.605816	-1.3468909	-1.1831524	-2.9424725
chr22	21937651	21938651	dCas9_LTR2B_peak_211	3.1415217	3.6557658	4.3153996	0.6573336	0.7345791	2.0687306	2.025726	2.5987551	-3.009856	-2.320656	-2.5274348
chr22	26588872	26589872	dCas9_LTR2B_peak_212	1.3131332	2.23826	2.4517505	-1.7832389	-2.0467806	1.7939737	0.9088083	1.3249214	-1.7874637	-1.9421444	-4.527435
chr22	35477570	35478570	dCas9_LTR2B_peak_213	-0.07078179	-0.67854613	-0.3688401	-3.5905938	-1.7248526	-0.906466	-1.2705154	-0.51835316	-2.009856	-1.6425841	-3.5274346
chr22	36250129	36251129	dCas9_LTR2B_peak_214	-2.2584088	-2.0770955	-2.1531112	-0.783239	0.12314438	-1.7809352	-3.773016	-1.2134986	-1.3468909	-0.78460306	-1.2055067
chr22	43103089	43104089	dCas9_LTR2B_peak_215	0.54894614	0.61322	0.60770094	-1.7832389	-1.13989	1.6453296	1.2269843	0.751736	-1.4248935	-0.78460306	-1.0680032
chr22	43104544	43105544	dCas9_LTR2B_peak_216	0.74159116	0.3942102	0.9988918	-1.7832389	-1.3463409	0.97395235	0.79176885	0.39418396	-1.8943788	-1.1831524	-1.7200798
chr22	45079872	45080872	dCas9_LTR2B_peak_217	-2.1064057	-2.2145991	-2.3230364	-3.5905938	-3.0467806	-1.665458	-1.2705154	-2.0208535	-1.5948185	-0.32065603	-1.3575099
chr22	50532995	50533995	dCas9_LTR2B_peak_218	0.7811196	-2.5365272	-1.3230364	-3.0056314	0.12314438	2.1179183	1.7609628	1.8779998	-0.6406222	-1.1190221	-2.2055068
chrX	1171839	1172839	dCas9_LTR2B_peak_377	-1.8433713	-1.7291722	-2.7380738	-3.5905938	-1.13989	-1.7809352	-2.7730157	-3.0208535	-1.6879278	-1.1190221	-1.3575099
chrX	2178951	2179951	dCas9_LTR2B_peak_378	-1.9689021	-2.7291722	-2.5156813	-2.0056314	-0.13989002	-0.5585427	-3.0360503	-1.082254	-1.3468909	-1.1831524	-3.5274346
chrX	2313950	2314950	dCas9_LTR2B_peak_379	-0.6734463	-0.8360874	-0.6225967	-1.2686658	-1.3463409	-2.5585427	-2.3579783	-2.605816	-1.7874637	-2.8352292	-2.5274348
chrX	2382090	2383090	dCas9_LTR2B_peak_380	-1.340871	-1.6296365	-1.8636047	-2.0056314	-0.46181813	-1.906466	-2.3579783	-2.0208535	-1.2728904	-1.7356935	-1.3575099
chrX	5162822	5163822	dCas9_LTR2B_peak_381	-1.9689021	-2.9515646	-1.8636047	-2.5905938	-1.13989	-2.7809353	-3.773016	-2.4358912	-1.4248935	-1.5551213	-4.6794376
chrX	35442533	35443533	dCas9_LTR2B_peak_382	-2.6209788	-3.9515646	-3.3230364	-2.5905938	-1.2394258	-0.61101013	-1.1100508	-0.476533	-2.7874637	-1.6425841	-2.5274348
chrX	35693152	35694152	dCas9_LTR2B_peak_383	-1.9689021	-2.5365272	-3.3230364	-1.2686658	-0.3463409	-2.7809353	-2.5506234	-3.2838879	-3.2728903	-1.7356935	-2.5274348
chrX	52472822	52473822	dCas9_LTR2B_peak_384	-2.4283338	-2.5365272	-3.0011082	-3.0056314	-1.2394258	-1.7809352	-3.357978	-1.9053763	-3.2728903	-1.7356935	-2.9424725
chrX	75648699	75649699	dCas9_LTR2B_peak_385	-3.1064057	-1.536527	-2.3230364	-0.783239	-0.40292445	-1.7809352	-3.773016	-2.605816	-2.135387	-1.2502667	-2.2055068
chrX	77293446	77294446	dCas9_LTR2B_peak_386	-2.2584088	-1.4490643	-2.5156813	-3.0056314	-1.8768556	-2.5585427	-5.357978	-2.4358912	-2.2728903	-2.472659	-1.9424723
chrX	78513438	78514438	dCas9_LTR2B_peak_387	-3.8433714	-3.214599	-3.0011082	-1.0056314	-0.18879963	-2.5585427	-2.03605	-1.6058159	-3.009856	-1.7356935	-1.3575099
chrX	82745644	82746644	dCas9_LTR2B_peak_388	-3.1064057	-2.9515646	-2.0011082	-1.5905939	-0.3463409	-1.459007	-3.0360503	-3.0208535	-2.135387	-2.0576215	-2.9424725
chrX	94705305	94706305	dCas9_LTR2B_peak_389	-3.4283338	-1.536527	-3.0011082	-3.0056314	-1.0467806	-2.5585427	-3.357978	-3.6058161	-2.5948186	-2.642584	-2.5274348
chrX	106107804	106108804	dCas9_LTR2B_peak_390	-1.7278941	-2.9515646	-1.7380738	-3.0056314	-1.8768556	-3.3658977	-3.0360503	-1.7984611	-1.8943788	-2.1831524	-4.527435
chrX	113472548	113473548	dCas9_LTR2B_peak_391	-2.1064057	-1.7291722	-2.5156813	-2.0056314	-0.46181813	-0.19597267	-1.4510876	0.227074	-2.2728903	-1.4726591	-2.9424725
chrX	120035382	120036382	dCas9_LTR2B_peak_392	-0.6209789	-3.5365272	-2.5156813	-1.7832389	0.20114689	-1.2784349	-1.6575385	-0.96195984	-1.6879278	-1.2502667	-3.5274346
chrX	122813048	122814048	dCas9_LTR2B_peak_393	-1.9689021	-2.2145991	-3.3230364	-1.5905939	-0.7248525	-2.3658977	-3.773016	-3.6058161	-1.8943788	-2.1831524	-1.9424723
chrX	144634325	144635325	dCas9_LTR2B_peak_394	-2.8433714	-3.214599	-4.323036	-3.0056314	-0.8768556	-2.5585427	-4.357978	-5.605816	-3.009856	-1.6425841	-2.2055068
chrY	56828407	56829407	dCas9_LTR2B_peak_395	1.3660821	1.346116	0.7854881	1.749256	0.8839567	1.2779585	0.88994926	-0.08225407	1.3359188	1.0439163	1.2539248
